0 8.0 0
1 16.0 504.375
2 10.0 167.875
3 10.0 169.125
4 10.0 169.125
5 10.0 167.875
6 10.0 167.875
7 10.0 179.125
8 13.0 332.5
9 13.0 339.0
10 13.0 324.375
11 20.0 894.375
12 19.0 814.5
13 85.0 17397.25
14 87.0 18480.875
15 87.0 18600.5
16 85.0 17514.125
17 95.0 21851.875
18 92.0 20605.5
19 92.0 20732.0
20 92.0 20490.5
21 95.0 22030.0
22 91.0 20376.25
23 96.0 22459.25
24 92.0 20789.5
25 76.0 13884.75
26 90.0 19910.75
27 96.0 22651.25
28 103.0 25912.125
29 99.0 23956.875
30 119.0 34758.25
31 103.0 25886.375
32 129.0 40974.75
33 106.0 27597.25
34 106.0 27570.75
35 99.0 24031.125
36 100.0 24629.25
